0.0000000E+00 2.5296203E-02 0.0000000E+00 -3.1513206E-03 0.0000000E+00
2.6179939E-02 6.3378914E-02 5.8706368E-01 -3.1040295E-03 -6.0155740E-02
5.2359878E-02 6.0864216E-01 9.0384908E-01 -6.2661477E-02 -9.4876889E-02
7.8539816E-02 6.2684725E-01 1.1369288E+00 -4.7487806E-02 -1.2421185E-01
1.0471976E-01 8.3409342E-01 1.3150427E+00 -6.4874360E-02 -1.4903005E-01
1.3089969E-01 9.8516812E-01 1.4496428E+00 -7.6982308E-02 -1.7215096E-01
1.5707963E-01 1.0891204E+00 1.5943357E+00 -8.2987199E-02 -1.9379951E-01
1.8325957E-01 1.2013851E+00 1.7013653E+00 -9.3687688E-02 -2.1428675E-01
2.0943951E-01 1.2547489E+00 1.8032452E+00 -9.8641617E-02 -2.2632393E-01
2.3561945E-01 1.3151281E+00 1.9197971E+00 -1.0004831E-01 -2.4141580E-01
2.6179939E-01 1.3594081E+00 2.0187663E+00 -1.0098188E-01 -2.5296856E-01
2.8797933E-01 1.3849193E+00 2.1195125E+00 -9.7906231E-02 -2.6163214E-01
3.1415927E-01 1.4000756E+00 2.2243743E+00 -8.9920310E-02 -2.6961080E-01
3.4033920E-01 1.4099125E+00 2.3289288E+00 -7.9607136E-02 -2.7845264E-01
3.6651914E-01 1.4092715E+00 2.4273035E+00 -6.7922420E-02 -2.8495881E-01
3.9269908E-01 1.3909766E+00 2.5257203E+00 -5.1367005E-02 -2.8798870E-01
4.1887902E-01 1.3582506E+00 2.6315846E+00 -2.7968310E-02 -2.9015630E-01
4.4505896E-01 1.3151326E+00 2.7462601E+00 1.9156891E-03 -2.9300115E-01
4.7123890E-01 1.2634121E+00 2.8707545E+00 3.8588846E-02 -2.9767732E-01
4.9741884E-01 1.2055994E+00 3.0067762E+00 8.2036345E-02 -3.0565672E-01
5.2359878E-01 1.1450131E+00 3.1548842E+00 1.3180091E-01 -3.1869750E-01
5.4977871E-01 1.0847284E+00 3.3147222E+00 1.8680320E-01 -3.3834836E-01
5.7595865E-01 1.0275315E+00 3.4853890E+00 2.4553799E-01 -3.6578970E-01
6.0213859E-01 9.7636982E-01 3.6653430E+00 3.0628827E-01 -4.0197205E-01
6.2831853E-01 9.3364791E-01 3.8521848E+00 3.6700341E-01 -4.4733828E-01
6.5449847E-01 9.0153435E-01 4.0424266E+00 4.2533566E-01 -5.0212820E-01
6.8067841E-01 8.8052209E-01 4.2319235E+00 4.7860717E-01 -5.6564968E-01
7.0685835E-01 8.7019175E-01 4.4161423E+00 5.2400231E-01 -6.3645181E-01
7.3303829E-01 8.6818161E-01 4.5905518E+00 5.5900330E-01 -7.1162554E-01
7.5921822E-01 8.7025930E-01 4.7511692E+00 5.8219102E-01 -7.8693209E-01
7.8539816E-01 8.7017043E-01 4.8958710E+00 5.9424009E-01 -8.5734589E-01
8.1157810E-01 8.6057471E-01 5.0257698E+00 5.9841283E-01 -9.1837495E-01
8.3775804E-01 8.3556768E-01 5.1453491E+00 5.9974947E-01 -9.6770778E-01
8.6393798E-01 7.9178204E-01 5.2614129E+00 6.0370149E-01 -1.0056751E+00
8.9011792E-01 7.2956846E-01 5.3809220E+00 6.1445728E-01 -1.0349232E+00
9.1629786E-01 6.5166534E-01 5.5095888E+00 6.3441323E-01 -1.0591598E+00
9.4247780E-01 5.6240476E-01 5.6510404E+00 6.6412880E-01 -1.0821555E+00
9.6865773E-01 4.6638890E-01 5.8069431E+00 7.0290466E-01 -1.1070761E+00
9.9483767E-01 3.6785266E-01 5.9773896E+00 7.4931142E-01 -1.1362764E+00
1.0210176E+00 2.7045368E-01 6.1613888E+00 8.0159882E-01 -1.1713319E+00
1.0471976E+00 1.7696409E-01 6.3572462E+00 8.5796236E-01 -1.2132059E+00
1.0733775E+00 8.9570892E-02 6.5629190E+00 9.1666427E-01 -1.2623700E+00
1.0995574E+00 9.6848185E-03 6.7760833E+00 9.7603668E-01 -1.3189691E+00
1.1257374E+00 -6.1751584E-02 6.9943966E+00 1.0345254E+00 -1.3828457E+00
1.1519173E+00 -1.2440032E-01 7.2153979E+00 1.0906101E+00 -1.4535897E+00
1.1780972E+00 -1.7841702E-01 7.4366642E+00 1.1428540E+00 -1.5304935E+00
1.2042772E+00 -2.2453073E-01 7.6558745E+00 1.1899482E+00 -1.6125125E+00
1.2304571E+00 -2.6409333E-01 7.8708077E+00 1.2307476E+00 -1.6982321E+00
1.2566371E+00 -2.9902273E-01 8.0798038E+00 1.2645518E+00 -1.7858771E+00
1.2828170E+00 -3.3181325E-01 8.2815771E+00 1.2910743E+00 -1.8733848E+00
1.3089969E+00 -3.6523354E-01 8.4759159E+00 1.3108253E+00 -1.9586154E+00
1.3351769E+00 -4.0213372E-01 8.6633154E+00 1.3249351E+00 -2.0395719E+00
1.3613568E+00 -4.4499620E-01 8.8453901E+00 1.3352903E+00 -2.1147519E+00
1.3875368E+00 -4.9565277E-01 9.0244334E+00 1.3441909E+00 -2.1833723E+00
1.4137167E+00 -5.5503495E-01 9.2031775E+00 1.3540579E+00 -2.2455168E+00
1.4398966E+00 -6.2305563E-01 9.3845800E+00 1.3671404E+00 -2.3021536E+00
1.4660766E+00 -6.9876568E-01 9.5711224E+00 1.3850650E+00 -2.3548621E+00
1.4922565E+00 -7.8042245E-01 9.7650332E+00 1.4088618E+00 -2.4056960E+00
1.5184364E+00 -8.6586607E-01 9.9675719E+00 1.4387002E+00 -2.4567216E+00
1.5446164E+00 -9.5265345E-01 1.0179487E+01 1.4741678E+00 -2.5099256E+00
1.5707963E+00 -1.0383898E+00 1.0400608E+01 1.5142515E+00 -2.5668954E+00
1.5969763E+00 -1.1208738E+00 1.0630182E+01 1.5576025E+00 -2.6287972E+00
1.6231562E+00 -1.1982872E+00 1.0866911E+01 1.6026790E+00 -2.6963063E+00
1.6493361E+00 -1.2693141E+00 1.1108989E+01 1.6478593E+00 -2.7695741E+00
1.6755161E+00 -1.3332139E+00 1.1354535E+01 1.6916647E+00 -2.8483518E+00
1.7016960E+00 -1.3898445E+00 1.1601392E+01 1.7327444E+00 -2.9319341E+00
1.7278760E+00 -1.4396741E+00 1.1847724E+01 1.7701004E+00 -3.0193666E+00
1.7540559E+00 -1.4836668E+00 1.2091784E+01 1.8030228E+00 -3.1094288E+00
1.7802358E+00 -1.5232242E+00 1.2332372E+01 1.8312298E+00 -3.2008300E+00
1.8064158E+00 -1.5599916E+00 1.2568740E+01 1.8548106E+00 -3.2922739E+00
1.8325957E+00 -1.5956770E+00 1.2800685E+01 1.8742120E+00 -3.3825890E+00
1.8587757E+00 -1.6319321E+00 1.3028626E+01 1.8902117E+00 -3.4708372E+00
1.8849556E+00 -1.6700495E+00 1.3253303E+01 1.9037489E+00 -3.5563613E+00
1.9111355E+00 -1.7110507E+00 1.3475949E+01 1.9159335E+00 -3.6388569E+00
1.9373155E+00 -1.7553682E+00 1.3697793E+01 1.9278039E+00 -3.7183487E+00
1.9634954E+00 -1.8031053E+00 1.3920221E+01 1.9403557E+00 -3.7951793E+00
1.9896753E+00 -1.8538623E+00 1.4144368E+01 1.9543498E+00 -3.8699407E+00
2.0158553E+00 -1.9069747E+00 1.4371172E+01 1.9703225E+00 -3.9434005E+00
2.0420352E+00 -1.9616014E+00 1.4601267E+01 1.9885402E+00 -4.0164076E+00
2.0682152E+00 -2.0167445E+00 1.4834883E+01 2.0089568E+00 -4.0898116E+00
2.0943951E+00 -2.0715923E+00 1.5072056E+01 2.0313395E+00 -4.1643599E+00
2.1205750E+00 -2.1252785E+00 1.5312428E+01 2.0551814E+00 -4.2406614E+00
2.1467550E+00 -2.1773207E+00 1.5555612E+01 2.0799321E+00 -4.3191050E+00
2.1729349E+00 -2.2272680E+00 1.5800999E+01 2.1049138E+00 -4.3998847E+00
2.1991149E+00 -2.2750024E+00 1.6048059E+01 2.1295238E+00 -4.4829748E+00
2.2252948E+00 -2.3205160E+00 1.6296260E+01 2.1532098E+00 -4.5681842E+00
2.2514747E+00 -2.3639114E+00 1.6545148E+01 2.1755287E+00 -4.6551991E+00
2.2776547E+00 -2.4054759E+00 1.6794420E+01 2.1962134E+00 -4.7436129E+00
2.3038346E+00 -2.4453790E+00 1.7043796E+01 2.2150666E+00 -4.8330142E+00
2.3300146E+00 -2.4840101E+00 1.7293194E+01 2.2321033E+00 -4.9229688E+00
2.3561945E+00 -2.5215359E+00 1.7542520E+01 2.2473592E+00 -5.0131173E+00
2.3823744E+00 -2.5582884E+00 1.7791839E+01 2.2610346E+00 -5.1031315E+00
2.4085544E+00 -2.5944219E+00 1.8041221E+01 2.2733356E+00 -5.1927842E+00
2.4347343E+00 -2.6301042E+00 1.8290812E+01 2.2845308E+00 -5.2819240E+00
2.4609142E+00 -2.6654621E+00 1.8540791E+01 2.2949051E+00 -5.3704827E+00
2.4870942E+00 -2.7004562E+00 1.8791334E+01 2.3046929E+00 -5.4584962E+00
2.5132741E+00 -2.7351435E+00 1.9042638E+01 2.3141500E+00 -5.5460395E+00
2.5394541E+00 -2.7693136E+00 1.9294848E+01 2.3234048E+00 -5.6332865E+00
2.5656340E+00 -2.8029175E+00 1.9548080E+01 2.3325891E+00 -5.7203985E+00
2.5918139E+00 -2.8356864E+00 1.9802379E+01 2.3416989E+00 -5.8075875E+00
2.6179939E+00 -2.8674810E+00 2.0057723E+01 2.3507048E+00 -5.8950175E+00
2.6441738E+00 -2.8981190E+00 2.0314019E+01 2.3595005E+00 -5.9828278E+00
2.6703538E+00 -2.9274458E+00 2.0571130E+01 2.3679400E+00 -6.0711094E+00
2.6965337E+00 -2.9554653E+00 2.0828865E+01 2.3758899E+00 -6.1598645E+00
2.7227136E+00 -2.9820950E+00 2.1087070E+01 2.3831894E+00 -6.2490845E+00
2.7488936E+00 -3.0075111E+00 2.1345560E+01 2.3897575E+00 -6.3386567E+00
2.7750735E+00 -3.0317370E+00 2.1604270E+01 2.3955107E+00 -6.4285070E+00
2.8012534E+00 -3.0549953E+00 2.1863133E+01 2.4004530E+00 -6.5184991E+00
2.8274334E+00 -3.0773742E+00 2.2122203E+01 2.4046021E+00 -6.6085561E+00
2.8536133E+00 -3.0989860E+00 2.2381571E+01 2.4080162E+00 -6.6986110E+00
2.8797933E+00 -3.1199047E+00 2.2641353E+01 2.4107667E+00 -6.7886257E+00
2.9059732E+00 -3.1400506E+00 2.2901737E+01 2.4129044E+00 -6.8786343E+00
2.9321531E+00 -3.1594188E+00 2.3162808E+01 2.4144825E+00 -6.9686379E+00
2.9583331E+00 -3.1777724E+00 2.3424739E+01 2.4154993E+00 -7.0587304E+00
2.9845130E+00 -3.1950085E+00 2.3687520E+01 2.4159458E+00 -7.1489275E+00
